scale 17.270 px/m   waterline fit y = 1847.8 + 0.00162x  (n=55)
  seed (2000,1700) not shipish — skipped
  seed (2341,1300) not shipish — skipped
component px: 748696

 h(m)   xF    xA     uF     uA
   0.5   435  3479  0.027  1.003
   1.0   435  3479  0.027  1.003
   1.5   435  3479  0.027  1.003
   2.0   435  3453  0.027  0.995
   2.5   395  3455  0.014  0.995
   3.0   397  3479  0.015  1.003
   3.5   395  3479  0.014  1.003
   4.0   395  3475  0.014  1.002
   4.5   404  3470  0.017  1.000
   5.0   395  3226  0.014  0.922
   5.5   365  3226  0.004  0.922
   6.0   382  3474  0.010  1.001
   6.5   375  3474  0.008  1.001
   7.0   367  3474  0.005  1.001
   7.5   360  3474  0.003  1.001
   8.0   360  3474  0.003  1.001
   8.5   416  3474  0.021  1.001
   9.0  1210  3544  0.275  1.024
   9.5  1217  3544  0.278  1.024
  10.0  1210  2914  0.275  0.822
  10.5  1216  2914  0.277  0.822
  11.0  1210  2914  0.275  0.822
  11.5  1210  2914  0.275  0.822
  12.0  1210  2914  0.275  0.822
  12.5  1210  2914  0.275  0.822
  13.0  1210  2914  0.275  0.822
  13.5  1272  2914  0.295  0.822
  14.0  1272  2914  0.295  0.822
  14.5  1272  2914  0.295  0.822
  15.0  1273  2914  0.296  0.822
  15.5  1273  2914  0.296  0.822
  16.0  1272  2914  0.295  0.822
  16.5  1210  2914  0.275  0.822
  17.0  1600  2914  0.400  0.822
  17.5  1600  2914  0.400  0.822
  18.0  1600  2914  0.400  0.822
  18.5  1600  2914  0.400  0.822
  19.0  1600  2914  0.400  0.822
  19.5  1600  2914  0.400  0.822
  20.0  1600  2866  0.400  0.806
  20.5  1600  2863  0.400  0.805
  21.0  1601  2742  0.401  0.767
  21.5  1603  2742  0.401  0.767
  22.0  1600  2742  0.400  0.767
  22.5  1600  2741  0.400  0.766
  23.0  1975  2735  0.521  0.764
  23.5  1975  2619  0.521  0.727
  24.0  1975  2620  0.521  0.727

 u      x   topM
 0.008   376   8.13
 0.016   401   8.30
 0.024   426   8.36
 0.032   451   8.19
 0.040   476   8.19
 0.048   501   8.20
 0.056   526   8.37
 0.064   551   8.38
 0.072   576   8.20
 0.080   601   8.26
 0.088   626   8.27
 0.096   651   8.27
 0.104   676   8.27
 0.112   701   8.27
 0.120   726   8.28
 0.128   751   8.28
 0.136   776   8.28
 0.144   801   8.28
 0.152   826   8.81
 0.160   851   8.46
 0.168   876   8.81
 0.176   901   8.81
 0.184   926   8.53
 0.192   951   8.53
 0.200   976   8.53
 0.208  1001   8.53
 0.216  1026   8.83
 0.224  1051   8.83
 0.232  1076   8.83
 0.240  1101   8.83
 0.248  1126   8.83
 0.256  1151   8.84
 0.265  1176   8.84
 0.273  1201   8.84
 0.281  1226  16.78
 0.289  1251  16.78
 0.297  1276  16.78
 0.305  1301  16.78
 0.313  1326  16.79
 0.321  1351  16.79
 0.329  1376  16.79
 0.337  1401  16.79
 0.345  1426  16.80
 0.353  1451  16.80
 0.361  1476  16.80
 0.369  1501  16.80
 0.377  1526  16.80
 0.385  1551  16.81
 0.393  1576  15.59
 0.401  1601  22.49
 0.409  1626  22.49
 0.417  1651  20.52
 0.425  1676  20.52
 0.433  1701  22.50
 0.441  1726  22.50
 0.449  1751  22.50
 0.457  1776  22.50
 0.465  1801  22.51
 0.473  1826  21.52
 0.481  1851  22.51
 0.489  1876  22.51
 0.497  1901  22.51
 0.505  1926  22.52
 0.513  1951  22.52
 0.521  1976  40.30
 0.529  2001  40.30
 0.537  2026  40.30
 0.545  2051  31.39
 0.553  2076  23.98
 0.561  2101  23.98
 0.569  2126  24.85
 0.577  2151  24.91
 0.585  2176  28.16
 0.593  2201  30.88
 0.601  2226  32.16
 0.609  2251  34.01
 0.617  2276  33.84
 0.625  2301  24.17
 0.633  2326  21.45
 0.641  2351  21.80
 0.649  2376  23.20
 0.657  2401  25.11
 0.665  2426  24.47
 0.673  2451  24.36
 0.681  2476  23.96
 0.689  2501  27.32
 0.697  2526  29.87
 0.705  2551  26.51
 0.713  2576  23.62
 0.721  2601  25.53
 0.729  2626  22.93
 0.737  2651  22.87
 0.745  2676  22.88
 0.753  2701  23.17
 0.761  2726  23.17
 0.769  2751  20.45
 0.777  2776  20.69
 0.786  2801  20.63
 0.794  2826  20.63
 0.802  2851  20.64
 0.810  2876  19.54
 0.818  2901  19.60
 0.826  2926   9.70
 0.834  2951   9.18
 0.842  2976   8.78
 0.850  3001   9.71
 0.858  3026   8.09
 0.866  3051   9.71
 0.874  3076   7.57
 0.882  3101   7.34
 0.890  3126   4.80
 0.898  3151   8.74
 0.906  3176   9.72
 0.914  3201   9.72
 0.922  3226   6.48
 0.930  3251   4.58
 0.938  3276   3.94
 0.946  3301   9.73
 0.954  3326   3.89
 0.962  3351   3.89
 0.970  3376   3.83
 0.978  3401   3.84
 0.986  3426   9.75
 0.994  3451   3.78
Traceback (most recent call last):
  File "/Users/augustgweon/Ships/build/staging/r160/segment-azzam.py", line 100, in <module>
    json.dump({"scale": S, "wl": [a, b], "rows": rows, "tops": tops},
  File "/Library/Developer/CommandLineTools/Library/Frameworks/Python3.framework/Versions/3.9/lib/python3.9/json/__init__.py", line 179, in dump
    for chunk in iterable:
  File "/Library/Developer/CommandLineTools/Library/Frameworks/Python3.framework/Versions/3.9/lib/python3.9/json/encoder.py", line 431, in _iterencode
    yield from _iterencode_dict(o, _current_indent_level)
  File "/Library/Developer/CommandLineTools/Library/Frameworks/Python3.framework/Versions/3.9/lib/python3.9/json/encoder.py", line 405, in _iterencode_dict
    yield from chunks
  File "/Library/Developer/CommandLineTools/Library/Frameworks/Python3.framework/Versions/3.9/lib/python3.9/json/encoder.py", line 325, in _iterencode_list
    yield from chunks
  File "/Library/Developer/CommandLineTools/Library/Frameworks/Python3.framework/Versions/3.9/lib/python3.9/json/encoder.py", line 325, in _iterencode_list
    yield from chunks
  File "/Library/Developer/CommandLineTools/Library/Frameworks/Python3.framework/Versions/3.9/lib/python3.9/json/encoder.py", line 438, in _iterencode
    o = _default(o)
  File "/Library/Developer/CommandLineTools/Library/Frameworks/Python3.framework/Versions/3.9/lib/python3.9/json/encoder.py", line 179, in default
    raise TypeError(f'Object of type {o.__class__.__name__} '
TypeError: Object of type int64 is not JSON serializable
